24x26x29 302 9878 9576
24x25x27 259 8891 8632
24x27x29 252 10000 9748
24x27x28 240 9648 9408
23x27x28 238 9516 9278
23x26x27 234 8885 8651
24x28x29 223 10499 10276
5x30x30 208 3047 2839
24x26x28 207 9447 9240
24x28x28 204 10080 9876
23x27x29 187 9812 9625
5x29x30 186 2957 2771
5x30x32 166 3240 3074
5x30x31 166 3155 2989
23x26x28 163 9217 9054
24x26x27 159 8999 8840
23x28x28 154 9884 9730
25x27x29 150 10681 10531
5x29x32 149 3148 2999
5x29x31 149 3065 2916
24x26x30 148 9992 9844
23x25x27 146 8567 8421
23x27x27 144 9000 8856
5x25x30 143 2548 2405
26x29x29 133 11826 11693
5x32x32 132 3452 3320
25x26x31 130 10814 10684
24x27x31 130 10648 10518
5x24x32 128 2606 2478
5x31x32 126 3358 3232
5x28x28 126 2655 2529
5x28x31 125 2949 2824
5x27x32 125 2936 2811
5x28x30 124 2845 2721
5x27x30 124 2754 2630
5x28x32 123 3019 2896
5x25x32 121 2722 2601
5x23x32 118 2512 2394
5x24x28 117 2281 2164
5x29x29 116 2855 2739
5x27x28 114 2572 2458
5x24x30 114 2434 2320
5x28x29 113 2761 2648
24x28x30 112 10720 10608
23x27x31 112 10408 10296
5x31x31 111 3255 3144
5x25x31 111 2641 2530
7x27x27 109 3232 3123
22x28x28 109 9492 9383
5x25x29 108 2469 2361
23x26x29 108 9508 9400
5x20x30 107 2042 1935
19x27x32 107 8991 8884
5x24x31 106 2530 2424
5x24x29 106 2354 2248
5x24x24 106 1946 1840
26x28x32 106 12300 12194
26x28x30 104 11536 11432
5x23x28 103 2196 2093
11x28x30 103 5419 5316
5x24x25 102 2038 1936
24x26x31 101 10329 10228
5x25x28 100 2385 2285
11x15x30 100 3010 2910
5x27x29 97 2662 2565
5x20x32 97 2167 2070
22x26x27 97 8505 8408
24x25x29 95 9418 9323
21x26x27 95 8203 8108
22x27x31 92 10028 9936
5x23x25 91 1965 1874
5x24x27 90 2200 2110
5x26x32 89 2816 2727
5x23x29 89 2271 2182
5x23x24 89 1872 1783
25x28x32 89 12051 11962
5x26x29 88 2564 2476
5x19x32 88 2078 1990
5x24x26 87 2115 2028
5x23x30 87 2349 2262
5x25x25 86 2136 2050
5x20x29 86 1979 1893
7x15x30 85 2035 1950
5x26x30 85 2640 2555
5x23x23 85 1813 1728
5x20x28 85 1899 1814
5x26x28 84 2468 2384
5x23x31 83 2435 2352
5x25x27 82 2300 2218
5x18x30 82 1842 1760
23x27x30 82 10000 9918
14x28x30 82 6664 6582
5x25x26 81 2213 2132
21x27x27 81 8397 8316
5x23x27 80 2122 2042
5x27x31 79 2840 2761
5x22x32 78 2392 2314
22x27x29 78 9447 9369
5x20x31 77 2109 2032
26x29x31 77 12691 12614
24x25x28 77 9079 9002
5x19x28 76 1816 1740
5x22x28 75 2094 2019
5x21x32 75 2291 2216
7x27x28 74 3332 3258
5x23x26 74 2038 1964
5x21x30 74 2144 2070
7x15x29 73 1984 1911
5x22x29 73 2174 2101
5x22x25 73 1879 1806
5x22x24 73 1792 1719
5x19x30 73 1950 1877
7x27x29 72 3445 3373
5x20x24 72 1630 1558
5x18x31 72 1904 1832
5x15x30 72 1522 1450
5x26x31 71 2738 2667
5x22x30 71 2241 2170
5x21x27 71 1934 1863
25x28x29 71 10977 10906
8x13x29 70 1931 1861
5x27x27 70 2473 2403
9x14x29 69 2276 2207
7x27x31 69 3669 3600
25x31x31 69 12886 12817
25x30x31 69 12446 12377
25x29x32 69 12483 12414
7x30x30 68 3893 3825
6x29x29 68 3128 3060
5x26x27 68 2390 2322
5x21x29 68 2082 2014
5x18x32 68 1964 1896
26x27x31 68 11724 11656
25x28x30 68 11338 11270
7x27x32 67 3780 3713
5x21x28 67 2007 1940
5x19x31 66 2021 1955
23x28x29 66 10180 10114
22x26x28 66 8870 8804
5x22x23 65 1732 1667
27x28x30 65 11626 11561
5x21x24 64 1718 1654
5x20x23 64 1575 1511
23x27x32 64 10698 10634
22x25x27 64 8248 8184
10x13x30 64 2446 2382
8x27x29 63 3713 3650
8x11x30 63 1696 1633
5x20x27 63 1839 1776
5x18x29 63 1778 1715
10x13x31 63 2535 2472
5x21x31 62 2216 2154
5x18x27 62 1658 1596
10x14x27 62 2361 2299
8x11x29 61 1652 1591
7x27x30 61 3529 3468
5x15x29 61 1482 1421
10x13x27 61 2215 2154
9x15x29 60 2348 2288
9x11x30 60 1860 1800
9x11x29 60 1829 1769
7x26x27 60 3104 3044
7x15x31 60 2115 2055
7x13x30 60 1806 1746
5x26x26 60 2292 2232
5x22x27 60 2027 1967
5x19x27 60 1758 1698
5x16x28 60 1518 1458
3x30x32 60 2130 2070
26x26x31 60 10950 10890
5x19x29 59 1884 1825
5x19x24 59 1553 1494
20x20x31 59 6903 6844
10x17x21 59 2217 2158
10x14x31 59 2697 2638
5x22x31 58 2325 2267
5x21x26 58 1865 1807
5x21x21 58 1513 1455
5x16x32 58 1736 1678
5x15x32 58 1626 1568
17x20x30 58 5794 5736
12x20x23 58 3242 3184
10x18x23 58 2528 2470
9x13x25 57 1853 1796
7x13x27 57 1632 1575
5x21x23 57 1657 1600
17x28x30 57 7881 7824
10x13x29 57 2377 2320
9x14x32 56 2492 2436
9x14x31 56 2422 2366
9x14x30 56 2296 2240
9x13x23 56 1707 1651
7x28x32 56 3892 3836
7x12x24 56 1320 1264
5x18x28 56 1712 1656
5x18x24 56 1464 1408
5x18x21 56 1298 1242
5x16x24 56 1310 1254
12x14x30 56 2996 2940
6x23x23 55 2019 1964
5x22x26 55 1947 1892
5x20x26 55 1770 1715
3x30x31 55 2065 2010
2x31x32 55 1559 1504
25x25x28 55 9503 9448
11x15x29 55 2931 2876
8x13x30 54 1965 1911
7x9x30 54 1264 1210
5x19x21 54 1377 1323
5x18x25 54 1534 1480
20x22x24 54 5943 5889
10x19x21 54 2460 2406
10x16x25 54 2432 2378
9x11x31 53 1952 1899
8x26x26 53 3262 3209
7x13x29 53 1751 1698
5x21x25 53 1793 1740
5x20x25 53 1708 1655
5x17x30 53 1738 1685
22x23x23 53 6488 6435
7x15x32 52 2166 2114
27x27x29 52 11165 11113
8x27x31 51 3951 3900
8x13x31 51 2046 1995
5x18x23 51 1414 1363
3x26x32 51 1879 1828
28x31x31 51 14094 14043
27x29x31 51 12941 12890
27x28x31 51 12123 12072
25x26x28 51 9591 9540
15x28x29 51 6817 6766
13x18x22 51 3124 3073
11x28x28 51 5120 5069
11x16x30 51 3177 3126
11x15x21 51 2163 2112
10x28x29 51 4759 4708
10x17x22 51 2323 2272
5x21x22 50 1586 1536
3x30x30 50 1970 1920
2x32x32 50 1602 1552
26x30x32 50 13245 13195
11x15x31 50 3125 3075
7x26x28 49 3220 3171
5x15x31 49 1574 1525
27x29x32 49 13236 13187
23x26x30 49 9734 9685
9x13x27 48 1997 1949
9x13x24 48 1736 1688
8x13x27 48 1776 1728
8x11x27 48 1524 1476
7x25x27 48 2995 2947
5x22x22 48 1656 1608
5x20x22 48 1505 1457
5x16x30 48 1626 1578
5x16x25 48 1362 1314
3x27x30 48 1800 1752
3x24x30 48 1600 1552
2x31x31 48 1505 1457
2x29x32 48 1456 1408
22x22x27 48 7222 7174
18x25x32 48 7821 7773
13x18x27 48 3774 3726
10x21x23 48 2956 2908
10x14x29 48 2525 2477
8x26x28 47 3482 3435
7x15x27 47 1847 1800
7x13x31 47 1865 1818
5x19x26 47 1690 1643
5x16x29 47 1581 1534
4x29x29 47 2181 2134
2x30x32 47 1503 1456
2x30x31 47 1458 1411
5x20x21 46 1440 1394
3x32x32 46 2276 2230
25x31x32 46 13215 13169
25x29x31 46 12114 12068
11x20x20 46 2680 2634
10x17x23 46 2415 2369
8x27x28 45 3570 3525
8x13x26 45 1729 1684
8x11x31 45 1752 1707
7x21x32 45 2985 2940
5x19x23 45 1503 1458
2x27x31 45 1316 1271
25x26x29 45 10031 9986
20x22x25 45 6226 6181
16x20x28 45 4989 4944
11x20x30 45 3933 3888
10x13x21 45 1743 1698
7x9x29 44 1229 1185
7x13x24 44 1440 1396
7x12x29 44 1589 1545
7x12x28 44 1538 1494
7x11x30 44 1537 1493
6x13x23 44 1170 1126
5x18x26 44 1590 1546
4x23x23 44 1412 1368
2x28x32 44 1404 1360
2x28x31 44 1362 1318
2x27x32 44 1356 1312
12x15x29 44 3052 3008
10x19x22 44 2586 2542
8x13x32 43 2108 2065
7x29x30 43 3781 3738
7x13x28 43 1684 1641
7x12x30 43 1630 1587
5x19x25 43 1630 1587
5x16x31 43 1681 1638
5x12x30 43 1223 1180
3x29x30 43 1932 1889
3x28x30 43 1865 1822
20x23x28 43 7143 7100
12x29x30 43 5823 5780
11x15x32 43 3208 3165
9x13x29 42 2141 2099
8x11x28 42 1580 1538
7x9x24 42 1010 968
25x25x29 42 9915 9873
22x22x28 42 7438 7396
13x17x18 42 2446 2404
10x19x20 42 2356 2314
9x14x28 41 2194 2153
7x32x32 41 4371 4330
7x28x28 41 3442 3401
7x12x27 41 1475 1434
6x14x29 41 1555 1514
5x14x30 41 1432 1391
26x29x30 41 12140 12099
10x14x26 41 2275 2234
9x13x22 40 1636 1596
8x11x26 40 1480 1440
7x21x21 40 2002 1962
5x19x22 40 1436 1396
5x17x31 40 1801 1761
5x16x27 40 1468 1428
3x31x32 40 2205 2165
3x25x30 40 1665 1625
25x26x30 40 10255 10215
21x28x29 40 9416 9376
21x26x28 40 8500 8460
10x17x24 40 2486 2446
9x17x29 39 2720 2681
9x13x28 39 2052 2013
7x15x21 39 1449 1410
7x14x30 39 1904 1865
7x13x25 39 1510 1471
5x18x22 39 1350 1311
5x16x23 39 1258 1219
3x28x28 39 1745 1706
30x30x32 39 14092 14053
2x30x30 39 1404 1365
2x28x30 39 1314 1275
2x27x29 39 1228 1189
28x30x32 39 13778 13739
28x28x31 39 12295 12256
20x23x23 39 5945 5906
11x16x24 39 2511 2472
10x17x27 39 2806 2767
10x17x25 39 2611 2572
9x23x27 38 3318 3280
9x11x32 38 1992 1954
8x13x28 38 1838 1800
7x21x23 38 2177 2139
7x11x27 38 1389 1351
6x29x31 38 3314 3276
6x19x28 38 2012 1974
6x13x25 38 1262 1224
5x17x27 38 1566 1528
5x17x21 38 1224 1186
5x13x29 38 1297 1259
5x13x24 38 1070 1032
2x29x31 38 1402 1364
2x29x30 38 1358 1320
2x27x30 38 1268 1230
2x26x30 38 1223 1185
29x30x32 38 13946 13908
24x29x29 38 10774 10736
23x25x29 38 9188 9150
9x17x32 37 2979 2942
8x11x32 37 1808 1771
7x9x31 37 1301 1264
7x26x26 37 2998 2961
7x21x24 37 2242 2205
7x15x25 37 1717 1680
7x15x23 37 1586 1549
7x12x31 37 1693 1656
7x11x29 37 1492 1455
6x27x29 37 2877 2840
5x17x32 37 1856 1819
5x16x26 37 1417 1380
5x15x28 37 1425 1388
4x29x31 37 2339 2302
3x28x31 37 1931 1894
3x25x28 37 1557 1520
2x27x27 37 1144 1107
2x26x32 37 1301 1264
2x26x31 37 1262 1225
2x25x31 37 1215 1178
23x24x26 37 7779 7742
20x21x31 37 7297 7260
19x27x27 37 7759 7722
15x16x23 37 3275 3238
11x28x29 37 5283 5246
9x9x23 36 1176 1140
8x14x29 36 2049 2013
7x9x25 36 1058 1022
7x24x24 36 2516 2480
7x20x28 36 2476 2440
6x17x22 36 1464 1428
5x9x30 36 936 900
5x17x29 36 1681 1645
5x17x28 36 1627 1591
5x17x24 36 1384 1348
5x15x24 36 1224 1188
5x12x29 36 1180 1144
5x12x24 36 976 940
4x19x23 36 1183 1147
3x28x29 36 1808 1772
3x24x32 36 1708 1672
2x27x28 36 1184 1148
2x26x28 36 1142 1106
2x25x32 36 1252 1216
21x26x32 36 9573 9537
16x26x30 36 6936 6900
10x13x28 36 2280 2244
9x20x29 35 3111 3076
7x21x25 35 2360 2325
7x13x23 35 1391 1356
7x12x26 35 1430 1395
7x12x23 35 1267 1232
6x10x30 35 1175 1140
5x13x32 35 1430 1395
4x19x30 35 1518 1483
3x31x31 35 2138 2103
3x25x31 35 1724 1689
2x26x27 35 1102 1067
27x28x32 35 12374 12339
16x25x30 35 6680 6645
9x13x26 34 1904 1870
9x11x23 34 1453 1419
8x14x30 34 2100 2066
7x23x28 34 2851 2817
7x20x24 34 2120 2086
7x18x30 34 2409 2375
6x22x22 34 1864 1830
6x11x27 34 1172 1138
6x11x24 34 1024 990
6x11x23 34 1002 968
5x15x21 34 1075 1041
4x20x29 34 1510 1476
3x27x32 34 1921 1887
3x23x30 34 1534 1500
3x20x30 34 1334 1300
2x28x29 34 1267 1233
2x28x28 34 1224 1190
2x26x29 34 1180 1146
28x28x30 34 11774 11740
16x16x19 34 2872 2838
7x9x27 33 1142 1109
7x26x29 33 3312 3279
7x21x27 33 2553 2520
7x13x26 33 1566 1533
5x9x24 33 753 720
5x17x23 33 1341 1308
5x15x23 33 1180 1147
5x15x22 33 1131 1098
3x25x32 33 1778 1745
2x29x29 33 1309 1276
2x23x32 33 1153 1120
9x29x29 32 4482 4450
8x26x27 32 3331 3299
8x13x25 32 1664 1632
7x31x32 32 4267 4235
7x17x30 32 2304 2272
6x23x25 32 2158 2126
6x13x28 32 1411 1379
6x13x27 32 1358 1326
6x13x26 32 1306 1274
6x13x24 32 1184 1152
6x11x29 32 1258 1226
6x11x26 32 1125 1093
6x11x25 32 1086 1054
5x13x31 32 1389 1357
5x13x25 32 1121 1089
3x29x31 32 2000 1968
3x29x29 32 1872 1840
3x28x32 32 1990 1958
3x26x30 32 1732 1700
2x24x32 32 1200 1168
2x24x31 32 1164 1132
2x22x32 32 1104 1072
2x22x31 32 1071 1039
23x28x30 32 10448 10416
10x27x28 32 4478 4446
8x26x29 31 3584 3553
8x25x27 31 3235 3204
7x9x23 31 974 943
7x25x28 31 3094 3063
7x11x31 31 1588 1557
5x15x26 31 1332 1301
5x12x32 31 1304 1273
3x24x31 31 1655 1624
2x26x26 31 1058 1027
2x25x26 31 1019 988
29x31x31 31 14388 14357
26x26x28 31 9716 9685
21x28x30 31 9504 9473
13x15x21 31 2515 2484
12x16x23 31 2583 2552
11x16x28 31 2925 2894
10x20x29 31 3483 3452
10x17x20 31 2112 2081
10x15x25 31 2293 2262
8x14x27 30 1898 1868
8x11x25 30 1425 1395
7x9x26 30 1097 1067
7x9x21 30 891 861
7x24x25 30 2638 2608
7x23x24 30 2438 2408
7x21x22 30 2088 2058
7x12x32 30 1746 1716
7x11x28 30 1436 1406
7x11x24 30 1224 1194
6x10x31 30 1224 1194
6x10x25 30 996 966
5x12x31 30 1266 1236
3x27x31 30 1863 1833
2x25x28 30 1094 1064
2x25x27 30 1056 1026
20x27x27 30 8010 7980
11x27x27 30 4776 4746
10x19x32 30 3644 3614
10x19x23 30 2688 2658
10x18x25 30 2718 2688
10x13x26 30 2122 2092
9x13x32 29 2332 2303
8x12x29 29 1710 1681
7x25x30 29 3272 3243
7x17x27 29 2081 2052
7x14x29 29 1861 1832
7x14x27 29 1726 1697
6x19x23 29 1687 1658
6x11x31 29 1337 1308
6x10x29 29 1147 1118
6x10x23 29 919 890
5x17x26 29 1510 1481
5x16x21 29 1148 1119
5x15x25 29 1280 1251
5x14x21 29 1012 983
5x13x30 29 1339 1310
5x13x27 29 1208 1179
5x13x21 29 944 915
5x12x28 29 1143 1114
4x17x28 29 1279 1250
3x29x32 29 2061 2032
2x25x30 29 1169 1140
2x25x29 29 1131 1102
2x24x27 29 1015 986
2x23x30 29 1079 1050
27x29x29 29 11981 11952
27x28x29 29 11198 11169
27x28x28 29 10442 10413
16x29x30 29 7709 7680
14x24x27 29 5175 5146
9x17x31 28 2889 2861
9x16x23 28 2031 2003
9x12x29 28 1880 1852
9x12x23 28 1520 1492
7x24x28 28 2936 2908
7x23x25 28 2557 2529
7x23x23 28 2365 2337
7x21x30 28 2797 2769
7x20x30 28 2657 2629
7x20x20 28 1798 1770
7x16x24 28 1736 1708
7x15x24 28 1630 1602
6x10x24 28 940 912
5x17x25 28 1451 1423
5x14x32 28 1529 1501
5x13x26 28 1162 1134
5x12x26 28 1062 1034
2x24x30 28 1123 1095
2x24x29 28 1087 1059
2x23x31 28 1113 1085
2x23x26 28 938 910
2x22x30 28 1033 1005
2x22x29 28 1000 972
24x28x31 28 11082 11054
11x18x27 28 3211 3183
7x9x28 27 1175 1148
6x11x21 27 916 889
5x17x22 27 1278 1251
5x16x22 27 1204 1177
5x13x23 27 1033 1006
3x25x29 27 1612 1585
2x24x26 27 976 949
2x23x27 27 972 945
2x22x26 27 898 871
2x21x32 27 1051 1024
19x27x29 27 8277 8250
14x27x27 27 5889 5862
14x20x29 27 4735 4708
14x17x30 27 4207 4180
10x19x28 27 3214 3187
10x15x23 27 2119 2092
10x14x22 27 1936 1909
9x11x25 26 1572 1546
9x11x24 26 1476 1450
7x25x32 26 3502 3476
7x25x29 26 3188 3162
7x18x21 26 1697 1671
7x16x32 26 2292 2266
7x16x28 26 2016 1990
7x16x27 26 1961 1935
7x13x21 26 1274 1248
6x13x22 26 1113 1087
5x9x29 26 907 881
5x15x27 26 1373 1347
5x14x25 26 1199 1173
5x13x28 26 1249 1223
5x12x23 26 942 916
4x23x26 26 1584 1558
4x19x32 26 1604 1578
4x19x31 26 1577 1551
2x22x28 26 964 938
2x22x27 26 931 905
20x20x27 26 6032 6006
16x20x29 26 5290 5264
15x20x22 26 3884 3858
12x20x31 26 4302 4276
10x22x26 26 3486 3460
10x17x26 26 2707 2681
7x9x32 25 1334 1309
7x16x23 25 1678 1653
5x9x25 25 787 762
5x9x23 25 726 701
5x14x31 25 1486 1461
4x23x27 25 1645 1620
4x17x23 25 1067 1042
2x24x28 25 1047 1022
2x21x30 25 985 960
11x21x30 25 4145 4120
10x23x28 25 3810 3785
10x13x20 25 1661 1636
9x22x27 24 3179 3155
7x28x29 24 3548 3524
7x26x31 24 3525 3501
7x25x25 24 2773 2749
7x24x30 24 3120 3096
7x19x21 24 1809 1785
7x18x31 24 2495 2471
7x15x22 24 1509 1485
7x14x32 24 2041 2017
7x14x28 24 1793 1769
7x13x32 24 1912 1888
7x12x25 24 1372 1348
6x28x29 24 2954 2930
6x20x23 24 1724 1700
6x19x27 24 1950 1926
6x13x29 24 1454 1430
6x10x27 24 1070 1046
5x12x27 24 1100 1076
5x12x25 24 1020 996
3x24x29 24 1550 1526
3x24x27 24 1440 1416
3x24x24 24 1280 1256
2x23x28 24 1004 980
2x21x31 24 1016 992
21x26x26 24 7938 7914
19x25x32 24 8381 8357
18x25x31 24 7662 7638
18x20x29 24 5884 5860
17x25x32 24 7496 7472
12x27x29 24 5260 5236
11x15x22 24 2247 2223
10x16x23 24 2266 2242
10x12x29 24 2158 2134
9x15x28 23 2255 2232
8x27x32 23 4048 4025
8x25x26 23 3130 3107
8x21x23 23 2370 2347
8x13x23 23 1534 1511
8x11x24 23 1352 1329
7x16x25 23 1815 1792
7x14x26 23 1672 1649
5x9x31 23 965 942
5x9x27 23 845 822
5x9x26 23 815 792
4x19x28 23 1403 1380
3x27x27 23 1622 1599
3x24x28 23 1495 1472
2x25x25 23 973 950
2x24x24 23 899 876
2x23x29 23 1038 1015
2x23x25 23 898 875
2x22x24 23 827 804
2x21x25 23 823 800
24x24x26 23 7899 7876
21x25x27 23 7899 7876
20x20x29 23 6495 6472
13x27x30 23 6113 6090
10x15x29 23 2625 2602
9x17x26 22 2404 2382
9x16x29 22 2524 2502
9x11x27 22 1694 1672
7x9x22 22 931 909
7x29x29 22 3677 3655
7x26x30 22 3389 3367
7x25x31 22 3401 3379
7x25x26 22 2880 2858
7x18x27 22 2173 2151
7x17x21 22 1621 1599
6x25x29 22 2678 2656
6x15x29 22 1598 1576
6x11x30 22 1280 1258
6x10x32 22 1256 1234
5x9x32 22 994 972
5x9x28 22 874 852
5x12x21 22 859 837
4x23x29 22 1760 1738
4x17x29 22 1324 1302
3x27x29 22 1743 1721
3x27x28 22 1681 1659
2x24x25 22 935 913
2x22x25 22 860 838
2x21x26 22 854 832
2x19x31 22 921 899
25x27x32 22 11664 11642
13x15x20 22 2407 2385
12x21x23 22 3379 3357
12x16x27 22 3006 2984
10x14x23 22 2013 1991
8x12x25 21 1497 1476
8x10x27 21 1392 1371
7x23x32 21 3235 3214
7x23x30 21 3027 3006
7x21x31 21 2901 2880
7x21x26 21 2451 2430
7x17x29 21 2233 2212
7x16x30 21 2166 2145
7x15x26 21 1767 1746
6x23x28 21 2390 2369
6x11x32 21 1368 1347
6x11x28 21 1205 1184
5x13x22 21 987 966
4x17x31 21 1422 1401
4x17x22 21 1019 998
2x22x22 21 758 737
2x21x28 21 917 896
2x21x27 21 885 864
2x21x23 21 757 736
23x25x28 21 8840 8819
22x30x30 21 10555 10534
22x22x24 21 6324 6303
13x28x28 21 5964 5943
12x19x20 21 2725 2704
10x13x25 21 2037 2016
10x13x22 21 1809 1788
9x18x29 20 2720 2700
9x18x23 20 2160 2140
8x25x25 20 3004 2984
7x22x22 20 2180 2160
7x18x29 20 2337 2317
7x18x24 20 1920 1900
7x15x28 20 1898 1878
7x11x23 20 1182 1162
7x11x21 20 1083 1063
6x16x29 20 1720 1700
6x14x32 20 1691 1671
6x14x30 20 1560 1540
6x14x23 20 1255 1235
5x14x24 20 1145 1125
5x14x23 20 1105 1085
4x27x29 20 2038 2018
4x26x29 20 1961 1941
4x17x30 20 1366 1346
3x23x32 20 1635 1615
3x20x32 20 1420 1400
2x22x23 20 791 771
2x21x29 20 948 928
2x21x24 20 788 768
2x20x28 20 874 854
2x20x27 20 844 824
2x19x28 20 832 812
22x22x29 20 7746 7726
21x24x26 20 7228 7208
15x16x30 20 4070 4050
13x25x25 20 4810 4790
13x21x25 20 4092 4072
12x12x23 20 1924 1904
11x21x24 20 3308 3288
10x25x26 20 3916 3896
10x23x24 20 3300 3280
10x14x25 20 2172 2152
10x13x32 20 2604 2584
9x28x29 19 4221 4202
9x20x23 19 2481 2462
9x17x25 19 2320 2301
7x17x31 19 2383 2364
5x14x29 19 1388 1369
5x11x21 19 804 785
4x23x28 19 1680 1661
4x22x29 19 1680 1661
4x19x26 19 1322 1303
4x18x29 19 1383 1364
3x26x31 19 1793 1774
3x23x31 19 1588 1569
3x20x31 19 1379 1360
2x23x24 19 859 840
2x20x30 19 934 915
2x20x29 19 904 885
2x19x29 19 860 841
11x15x20 19 2054 2035
10x19x27 19 3130 3111
9x30x31 18 4828 4810
8x16x19 18 1514 1496
8x10x29 18 1496 1478
7x23x27 18 2764 2746
7x21x28 18 2630 2612
7x14x24 18 1532 1514
7x13x22 18 1330 1312
7x12x22 18 1214 1196
7x11x26 18 1331 1313
6x26x29 18 2795 2777
6x14x31 18 1642 1624
6x11x20 18 871 853
6x10x26 18 1024 1006
5x9x22 18 690 672
5x14x22 18 1055 1037
4x24x29 18 1774 1756
4x18x23 18 1102 1084
3x24x26 18 1390 1372
3x23x24 18 1230 1212
3x20x24 18 1070 1052
2x23x23 18 823 805
2x20x32 18 994 976
2x20x31 18 964 946
2x19x30 18 888 870
2x19x26 18 772 754
22x27x27 18 8622 8604
21x27x31 18 9576 9558
11x21x21 18 2982 2964
11x15x18 18 1830 1812
10x16x29 18 2837 2819
9x25x29 17 3860 3843
9x19x29 17 2975 2958
9x19x23 17 2361 2344
9x13x31 17 2267 2250
9x12x22 17 1460 1443
8x9x25 17 1151 1134
8x25x29 17 3447 3430
8x14x31 17 2167 2150
7x9x20 17 842 825
7x22x25 17 2460 2443
7x20x27 17 2407 2390
7x19x30 17 2549 2532
7x18x32 17 2561 2544
7x17x25 17 1929 1912
6x8x32 17 1018 1001
6x17x29 17 1864 1847
5x9x20 17 629 612
5x11x29 17 1103 1086
5x11x24 17 908 891
4x23x32 17 1907 1890
4x21x23 17 1274 1257
4x17x27 17 1233 1216
2x21x21 17 689 672
2x19x27 17 800 783
25x25x32 17 10824 10807
21x21x32 17 7729 7712
21x21x26 17 6449 6432
14x15x23 17 2925 2908
10x21x27 17 3433 3416
9x31x31 16 5096 5080
9x19x32 16 3256 3240
9x19x26 16 2642 2626
9x11x26 16 1620 1604
7x26x32 16 3632 3616
7x24x32 16 3336 3320
7x24x27 16 2848 2832
7x18x25 16 2012 1996
7x17x24 16 1840 1824
7x16x21 16 1528 1512
7x14x31 16 1974 1958
7x14x25 16 1605 1589
7x11x32 16 1630 1614
7x11x25 16 1283 1267
6x13x32 16 1582 1566
6x12x29 16 1280 1264
5x9x21 16 658 642
4x19x27 16 1369 1353
4x17x26 16 1192 1176
4x17x24 16 1093 1077
3x26x28 16 1620 1604
3x26x27 16 1563 1547
3x20x28 16 1246 1230
3x20x27 16 1203 1187
2x21x22 16 720 704
2x20x22 16 687 671
2x19x32 16 944 928
2x19x23 16 683 667
26x28x31 16 11946 11930
26x27x29 16 10897 10881
9x16x27 15 2355 2340
9x11x22 15 1389 1374
8x12x26 15 1543 1528
7x24x29 15 3040 3025
7x21x29 15 2717 2702
7x20x21 15 1897 1882
7x18x28 15 2243 2228
6x8x31 15 989 974
5x14x26 15 1242 1227
5x11x30 15 1138 1123
5x10x30 15 1030 1015
4x25x29 15 1853 1838
3x25x25 15 1390 1375
3x23x28 15 1434 1419
3x23x27 15 1383 1368
3x22x30 15 1465 1450
2x20x24 15 747 732
2x19x24 15 711 696
28x29x32 15 13417 13402
23x24x28 15 8328 8313
12x26x26 15 4656 4641
11x16x18 15 1959 1944
11x14x30 15 2836 2821
10x28x31 15 5080 5065
10x14x30 15 2557 2542
9x26x26 14 3603 3589
9x20x26 14 2775 2761
7x28x31 14 3779 3765
7x22x27 14 2656 2642
7x17x23 14 1776 1762
7x14x21 14 1351 1337
6x24x29 14 2520 2506
6x13x31 14 1538 1524
6x12x28 14 1250 1236
5x11x23 14 878 864
3x23x29 14 1485 1471
2x20x26 14 807 793
2x20x25 14 777 763
2x20x23 14 716 702
2x19x25 14 739 725
2x19x21 14 623 609
2x18x30 14 839 825
2x18x29 14 812 798
2x18x28 14 784 770
2x18x27 14 757 743
2x17x31 14 820 806
2x17x28 14 742 728
18x26x30 14 7639 7625
11x20x24 14 3128 3114
11x16x23 14 2448 2434
10x18x22 14 2384 2370
9x26x29 13 4006 3993
9x23x29 13 3570 3557
9x22x29 13 3421 3408
9x17x23 13 2134 2121
7x22x28 13 2738 2725
7x22x23 13 2270 2257
7x20x26 13 2317 2304
7x19x28 13 2375 2362
7x16x29 13 2100 2087
7x10x30 13 1388 1375
6x8x30 13 951 938
6x14x22 13 1198 1185
6x10x28 13 1100 1087
5x14x27 13 1292 1279
5x11x31 13 1180 1167
3x24x25 13 1335 1322
3x20x29 13 1291 1278
2x19x22 13 651 638
2x18x32 13 893 880
2x17x32 13 845 832
2x17x29 13 767 754
2x17x26 13 689 676
12x30x31 13 6200 6187
11x21x32 13 4395 4382
11x17x21 13 2438 2425
10x16x26 13 2540 2527
10x12x31 13 2287 2274
9x22x23 12 2727 2715
8x21x31 12 3138 3126
8x20x23 12 2240 2228
8x14x26 12 1830 1818
8x12x31 12 1821 1809
8x12x28 12 1638 1626
7x17x26 12 2000 1988
7x14x23 12 1481 1469
6x29x30 12 3150 3138
6x19x22 12 1604 1592
6x14x28 12 1509 1497
6x11x22 12 948 936
5x11x32 12 1214 1202
5x11x28 12 1063 1051
5x11x27 12 1029 1017
5x11x22 12 840 828
4x21x29 12 1604 1592
4x19x29 12 1468 1456
4x17x20 12 908 896
3x25x27 12 1503 1491
2x18x31 12 865 853
2x18x26 12 727 715
2x18x25 12 700 688
2x17x30 12 792 780
2x17x27 12 714 702
2x17x24 12 636 624
19x25x31 12 8164 8152
18x19x28 12 5384 5372
17x27x27 12 6966 6954
17x25x31 12 7318 7306
15x22x27 12 5160 5148
14x19x20 12 3199 3187
12x18x26 12 3240 3228
11x15x23 12 2329 2317
11x14x21 12 2020 2008
10x19x25 12 2908 2896
9x23x23 11 2846 2835
9x13x20 11 1493 1482
8x16x31 11 2415 2404
8x15x29 11 2136 2125
8x11x23 11 1316 1305
7x16x22 11 1602 1591
6x20x29 11 2136 2125
5x12x22 11 896 885
4x23x24 11 1422 1411
4x22x23 11 1327 1316
4x19x25 11 1249 1238
3x26x29 11 1677 1666
3x25x26 11 1445 1434
3x23x25 11 1280 1269
3x20x25 11 1111 1100
2x19x19 11 562 551
2x18x24 11 671 660
2x18x23 11 644 633
2x18x22 11 616 605
2x17x25 11 661 650
2x17x22 11 583 572
18x28x29 11 8003 7992
14x18x25 11 3705 3694
13x18x25 11 3505 3494
11x18x24 11 2831 2820
11x12x30 11 2391 2380
10x22x25 11 3354 3343
8x15x23 10 1724 1714
8x13x21 10 1399 1389
8x11x21 10 1197 1187
7x23x29 10 2947 2937
7x22x24 10 2336 2326
7x20x29 10 2578 2568
5x11x25 10 952 942
4x23x25 10 1497 1487
4x19x20 10 1010 1000
3x21x30 10 1400 1390
2x20x21 10 651 641
2x20x20 10 620 610
2x19x20 10 590 580
2x17x23 10 608 598
2x17x20 10 530 520
25x25x31 10 10558 10548
20x20x22 10 4960 4950
14x16x28 10 3684 3674
13x18x23 10 3234 3224
12x27x31 10 5604 5594
12x25x25 10 4372 4362
12x20x29 10 4032 4022
12x18x29 10 3598 3588
12x15x17 10 1870 1860
11x18x23 10 2774 2764
10x13x23 10 1874 1864
9x9x22 9 1114 1105
9x32x32 9 5308 5299
9x31x32 9 5148 5139
9x30x32 9 4860 4851
9x14x27 9 2115 2106
9x11x28 9 1734 1725
9x10x25 9 1418 1409
8x9x29 9 1331 1322
8x9x27 9 1233 1224
8x13x22 9 1468 1459
7x23x26 9 2656 2647
7x19x27 9 2304 2295
7x19x24 9 2034 2025
7x18x23 9 1852 1843
7x17x22 9 1695 1686
7x11x22 9 1130 1121
7x10x21 9 978 969
6x9x29 9 993 984
6x9x23 9 793 784
6x23x27 9 2309 2300
6x12x23 9 1029 1020
5x11x26 9 987 978
5x10x31 9 1067 1058
4x29x30 9 2195 2186
4x19x24 9 1191 1182
4x16x19 9 811 802
4x15x23 9 921 912
4x13x23 9 818 809
3x22x24 9 1175 1166
2x18x21 9 587 578
2x18x20 9 559 550
2x17x21 9 555 546
21x28x32 9 10143 10134
20x28x31 9 9534 9525
20x27x30 9 8667 8658
20x20x23 9 5221 5212
18x21x32 9 6587 6578
18x21x26 9 5507 5498
18x20x30 9 5928 5919
18x20x26 9 5235 5226
16x21x30 9 5601 5592
15x30x32 9 7770 7761
15x26x32 9 7047 7038
14x18x21 9 3107 3098
14x16x25 9 3310 3301
11x18x22 9 2653 2644
11x18x20 9 2410 2401
10x19x24 9 2763 2754
9x10x31 8 1769 1761
9x10x29 8 1658 1650
9x10x24 8 1336 1328
8x9x26 8 1187 1179
8x25x30 8 3524 3516
8x17x30 8 2517 2509
7x29x31 8 3915 3907
7x24x31 8 3242 3234
7x19x25 8 2135 2127
7x16x26 8 1884 1876
7x12x21 8 1151 1143
6x20x27 8 1996 1988
6x18x23 8 1560 1552
6x16x23 8 1377 1369
6x10x20 8 786 778
5x20x20 8 1336 1328
5x10x32 8 1098 1090
4x31x32 8 2527 2519
4x20x23 8 1195 1187
4x18x31 8 1472 1464
4x17x32 8 1454 1446
4x15x27 8 1076 1068
4x15x25 8 996 988
4x14x22 8 837 829
4x13x22 8 783 775
2x18x19 8 531 523
2x18x18 8 503 495
2x17x19 8 502 494
2x16x24 8 596 588
2x16x23 8 572 564
2x15x22 8 514 506
25x28x31 8 11734 11726
20x24x25 8 6474 6466
18x18x32 8 5703 5695
16x27x32 8 7578 7570
15x27x28 8 6356 6348
14x28x29 8 6506 6498
14x18x18 8 2663 2655
14x14x21 8 2520 2512
12x20x22 8 3096 3088
11x18x19 8 2293 2285
11x18x18 8 2103 2095
9x14x23 7 1821 1814
9x10x27 7 1530 1523
7x20x32 7 2829 2822
7x16x31 7 2231 2224
7x16x17 7 1243 1236
7x14x22 7 1415 1408
6x7x30 7 853 846
6x10x22 7 865 858
6x10x21 7 825 818
5x14x28 7 1332 1325
5x10x23 7 794 787
4x13x24 7 844 837
4x12x23 7 748 741
3x22x29 7 1421 1414
2x17x18 7 475 468
2x17x17 7 449 442
2x16x26 7 644 637
2x16x25 7 620 613
2x15x24 7 559 552
2x15x23 7 536 529
15x29x29 7 7114 7107
15x26x29 7 6434 6427
15x25x29 7 6195 6188
15x24x32 7 6319 6312
15x24x26 7 5279 5272
15x23x24 7 4719 4712
12x19x24 7 3191 3184
11x20x23 7 3046 3039
10x27x32 7 5090 5083
10x23x27 7 3732 3725
9x25x26 6 3462 3456
9x20x31 6 3312 3306
9x20x30 6 3132 3126
9x16x31 6 2682 2676
9x16x30 6 2538 2532
9x13x30 6 2150 2144
8x9x23 6 1058 1052
8x27x30 6 3750 3744
8x15x31 6 2280 2274
8x12x17 6 1044 1038
7x22x30 6 2903 2897
7x22x29 6 2835 2829
7x19x29 6 2473 2467
7x17x28 6 2144 2138
4x29x32 6 2377 2371
4x27x28 6 1932 1926
4x15x29 6 1153 1147
3x22x32 6 1566 1560
3x22x31 6 1517 1511
3x22x28 6 1371 1365
3x22x27 6 1321 1315
2x15x25 6 581 575
20x21x28 6 6534 6528
20x21x24 6 5598 5592
16x27x30 6 7086 7080
16x26x26 6 6100 6094
15x20x30 6 5022 5016
13x21x27 6 4409 4403
13x18x30 6 4123 4117
12x29x29 6 5750 5744
12x26x29 6 5143 5137
11x19x19 6 2468 2462
10x25x32 6 4593 4587
9x19x31 5 3161 3156
9x19x25 5 2547 2542
8x11x22 5 1256 1251
7x19x23 5 1964 1959
7x19x22 5 1884 1879
7x13x20 5 1204 1199
7x10x29 5 1347 1342
6x8x23 5 735 730
6x8x22 5 705 700
6x8x20 5 640 635
6x29x32 5 3394 3389
5x10x22 5 760 755
4x21x27 5 1485 1480
4x21x24 5 1299 1294
4x19x22 5 1110 1105
4x14x23 5 872 867
4x12x19 5 621 616
3x23x23 5 1179 1174
2x16x18 5 446 441
2x16x17 5 422 417
2x15x32 5 741 736
2x15x17 5 396 391
2x14x24 5 521 516
2x13x22 5 445 440
19x27x31 5 8756 8751
19x19x19 5 4035 4030
15x20x29 5 4959 4954
15x16x31 5 4295 4290
14x17x27 5 3825 3820
13x25x27 5 5159 5154
13x21x24 5 3819 3814
9x17x20 4 1842 1838
8x26x31 4 3803 3799
8x17x24 4 2016 2012
8x14x23 4 1633 1629
8x13x20 4 1334 1330
8x10x26 4 1337 1333
7x23x31 4 3143 3139
7x20x25 4 2230 2226
7x12x20 4 1102 1098
6x8x29 4 921 917
6x8x21 4 672 668
6x25x32 4 2874 2870
6x23x29 4 2475 2471
6x23x26 4 2239 2235
6x23x24 4 2024 2020
6x17x27 4 1732 1728
6x17x23 4 1499 1495
5x10x21 4 727 723
4x28x29 4 2072 2068
4x20x27 4 1402 1398
4x13x32 4 1120 1116
3x26x26 4 1504 1500
3x23x26 4 1331 1327
3x21x28 4 1308 1304
3x21x27 4 1262 1258
3x21x21 4 982 978
3x20x26 4 1156 1152
3x20x23 4 1023 1019
31x31x31 4 14772 14768
2x16x28 4 690 686
2x16x20 4 494 490
2x16x19 4 470 466
2x15x19 4 441 437
2x15x18 4 418 414
2x14x25 4 542 538
2x13x23 4 464 460
29x29x29 4 12369 12365
27x27x27 4 10238 10234
26x26x29 4 10162 10158
25x27x31 4 11347 11343
25x25x25 4 8363 8359
22x25x26 4 7982 7978
20x21x21 4 4971 4967
16x20x27 4 4888 4884
15x18x32 4 4818 4814
15x18x26 4 4018 4014
15x18x23 4 3578 3574
13x18x29 4 4014 4010
13x13x19 4 2021 2017
12x28x29 4 5536 5532
12x20x28 4 3786 3782
12x12x29 4 2408 2404
11x30x30 4 5719 5715
10x14x21 4 1817 1813
9x16x21 3 1824 1821
9x16x18 3 1563 1560
9x10x32 3 1800 1797
8x21x21 3 2159 2156
7x19x31 3 2640 2637
7x11x20 3 1024 1021
7x10x27 3 1251 1248
6x19x25 3 1805 1802
4x28x31 3 2224 2221
4x16x17 3 727 724
4x13x26 3 921 918
4x13x20 3 707 704
4x11x24 3 724 721
4x11x23 3 701 698
3x21x32 3 1496 1493
2x16x22 3 542 539
2x16x21 3 518 515
2x15x21 3 486 483
2x15x20 3 463 460
2x14x32 3 691 688
2x14x31 3 670 667
2x14x18 3 390 387
2x14x17 3 369 366
2x13x30 3 603 600
2x13x17 3 343 340
2x12x22 3 410 407
2x12x21 3 392 389
26x29x32 3 12938 12935
24x26x32 3 10563 10560
20x26x31 3 8898 8895
20x20x28 3 6096 6093
18x30x32 3 9169 9166
16x28x28 3 6905 6902
16x24x31 3 6552 6549
16x18x30 3 4848 4845
15x29x31 3 7558 7555
15x28x32 3 7429 7426
15x28x31 3 7278 7275
15x21x32 3 5566 5563
15x21x26 3 4646 4643
15x18x20 3 3126 3123
14x25x30 3 5941 5938
14x16x24 3 3141 3138
12x21x32 3 4552 4549
12x20x21 3 2912 2909
10x21x29 3 3661 3658
10x18x24 3 2550 2547
10x17x30 3 3091 3088
9x28x31 2 4518 4516
9x28x30 2 4266 4264
9x17x28 2 2590 2588
9x13x21 2 1559 1557
9x10x28 2 1580 1578
9x10x26 2 1470 1468
8x9x31 2 1422 1420
8x19x30 2 2777 2775
8x15x27 2 1980 1978
8x14x21 2 1486 1484
8x12x19 2 1162 1160
7x30x32 2 4130 4128
7x18x22 2 1766 1764
6x31x31 2 3514 3512
4x21x26 2 1430 1428
4x18x27 2 1282 1280
4x16x23 2 978 976
4x13x28 2 982 980
4x13x25 2 882 880
3x21x31 2 1449 1447
3x21x25 2 1169 1167
3x19x28 2 1185 1183
3x16x32 2 1138 1136
2x16x27 2 664 662
2x15x27 2 623 621
2x15x26 2 600 598
2x14x22 2 475 473
2x14x20 2 432 430
2x14x19 2 411 409
2x13x32 2 642 640
2x13x31 2 622 620
2x13x21 2 422 420
2x13x20 2 402 400
2x13x19 2 382 380
2x13x18 2 362 360
2x12x28 2 520 518
2x12x27 2 502 500
2x12x16 2 298 296
28x30x31 2 13306 13304
25x29x29 2 11422 11420
20x28x28 2 8440 8438
19x19x22 2 4538 4536
16x26x27 2 6280 6278
15x28x28 2 6545 6543
15x27x32 2 7063 7061
15x26x27 2 5903 5901
13x25x26 2 4989 4987
13x21x26 2 4236 4234
12x26x28 2 4968 4966
12x26x27 2 4662 4660
12x20x27 2 3744 3742
12x16x26 2 2890 2888
12x14x31 2 3110 3108
10x29x30 2 5087 5085
10x28x30 2 4787 4785
10x27x30 2 4762 4760
10x21x21 2 2635 2633
10x18x29 2 3156 3154
10x15x27 2 2413 2411
10x12x27 2 1978 1976
9x26x32 1 4385 4384
9x14x25 1 1965 1964
9x10x21 1 1185 1184
8x18x21 1 1844 1843
8x15x21 1 1559 1558
8x14x28 1 1947 1946
8x12x23 1 1377 1376
7x30x31 1 4027 4026
7x18x26 1 2083 2082
6x7x32 1 910 909
6x7x31 1 883 882
6x16x27 1 1603 1602
5x16x20 1 1073 1072
5x10x29 1 994 993
4x27x31 1 2167 2166
4x26x31 1 2086 2085
4x25x31 1 1980 1979
4x25x27 1 1729 1728
4x24x31 1 1888 1887
4x22x27 1 1557 1556
4x21x32 1 1752 1751
4x21x31 1 1708 1707
4x20x26 1 1350 1349
4x16x31 1 1297 1296
4x12x17 1 557 556
4x11x22 1 670 669
3x21x29 1 1357 1356
3x21x26 1 1216 1215
3x19x24 1 1015 1014
2x9x26 1 365 364
2x9x17 1 239 238
2x16x30 1 736 735
2x16x29 1 712 711
2x15x29 1 668 667
2x15x28 1 645 644
2x14x26 1 560 559
2x14x23 1 496 495
2x14x21 1 453 452
2x13x25 1 501 500
2x13x24 1 481 480
2x12x32 1 593 592
2x12x31 1 575 574
2x12x30 1 556 555
2x12x29 1 538 537
2x12x20 1 371 370
2x12x19 1 353 352
2x12x18 1 334 333
2x12x17 1 316 315
2x11x32 1 545 544
2x11x31 1 528 527
2x11x30 1 511 510
2x11x29 1 494 493
2x11x28 1 477 476
2x11x21 1 358 357
2x11x20 1 341 340
2x11x19 1 324 323
2x11x18 1 307 306
2x11x17 1 290 289
2x10x28 1 435 434
2x10x27 1 420 419
2x10x26 1 404 403
2x10x25 1 389 388
2x10x18 1 280 279
2x10x17 1 265 264
2x10x16 1 249 248
2x10x15 1 234 233
26x27x30 1 11163 11162
20x28x32 1 9781 9780
19x25x25 1 6690 6689
19x19x31 1 6325 6324
19x19x30 1 6121 6120
19x19x29 1 5939 5938
18x21x28 1 5910 5909
18x20x21 1 4260 4259
17x17x19 1 3267 3266
16x19x27 1 4747 4746
15x24x28 1 5608 5607
14x14x29 1 3419 3418
13x25x28 1 5340 5339
13x19x29 1 4249 4248
13x19x28 1 4097 4096
13x18x26 1 3627 3626
13x18x24 1 3280 3279
12x26x31 1 5463 5462
12x26x30 1 5156 5155
12x20x26 1 3635 3634
12x18x23 1 2854 2853
12x18x20 1 2494 2493
11x18x30 1 3520 3519
11x16x32 1 3375 3374
11x16x31 1 3289 3288
11x16x26 1 2745 2744
10x24x30 1 4147 4146
10x19x26 1 3016 3015
10x18x27 1 2889 2888
10x18x21 1 2246 2245
10x15x21 1 1905 1904
